
 
 
## *************adam-bulk-40*************** ##
 
 
import numpy as np
import matplotlib.pyplot as plt
fig = plt.figure()
ax = fig.add_subplot(111, projection='3d')
p = 0.2
SNR = 15
N = 40
f = 10
initial_pos = np.array([[552.656494140625, -336.6481018066406, 6.475618839263916], [602.0677490234375, 185.0673828125, 88.19068145751953], [-496.8692321777344, -497.8935241699219, 129.9591064453125], [208.98460388183594, -98.53250885009766, -198.1507110595703], [137.2283172607422, -121.56439971923828, -73.77139282226562], [34.55877685546875, 214.7610321044922, 176.37242126464844], [-690.5176391601562, -73.54849243164062, -69.30167388916016], [293.20623779296875, 96.62456512451172, 64.68235778808594], [207.75242614746094, 90.73981475830078, -214.08273315429688], [167.78302001953125, 223.73695373535156, 27.97246551513672], [567.3711547851562, -307.0867614746094, 88.40829467773438], [339.02337646484375, 8.93818187713623, -154.20742797851562], [-20.933115005493164, -100.3780288696289, -200.9208526611328], [378.68560791015625, -153.6587677001953, -182.16781616210938], [152.5159149169922, 75.05150604248047, -67.33660125732422], [506.2213439941406, 371.8601379394531, -176.88722229003906], [610.9542846679688, 67.01502227783203, -17.25615119934082], [260.9114074707031, -49.524723052978516, 102.93726348876953], [232.0703125, -227.7974853515625, -31.712385177612305], [457.9756774902344, -427.6316223144531, 131.88308715820312], [52.7728157043457, -182.69705200195312, -128.0929718017578], [640.6792602539062, 251.88719177246094, -129.45852661132812], [525.8202514648438, -455.4640808105469, -7.8706536293029785], [289.70965576171875, -540.6970825195312, 8.925766944885254], [257.0328674316406, -317.1130065917969, -156.28208923339844], [522.759765625, 100.21728515625, 59.962913513183594], [179.05499267578125, -516.7708129882812, -118.0580062866211], [535.3089599609375, 766.259521484375, 294.58856201171875], [538.7242431640625, 364.48199462890625, 137.97178649902344], [104.58584594726562, 184.47434997558594, -81.55127716064453], [276.04290771484375, 162.66094970703125, -36.46063995361328], [135.70571899414062, 59.275917053222656, 176.071044921875], [5.803123474121094, 369.81781005859375, 28.6882381439209], [379.8014221191406, -86.2266845703125, -20.452178955078125], [452.8874206542969, 488.1959533691406, -16.92438507080078], [32.052734375, -13.720494270324707, -219.05264282226562], [385.9524841308594, -407.82183837890625, -79.0547866821289], [672.2744140625, -156.17471313476562, -32.42195129394531], [585.801025390625, -39.269447326660156, 161.09381103515625], [535.400146484375, 314.54510498046875, 33.216243743896484]])
optimizer_options = {"learning rate": 1.0}
Energy = 0.07271388918161392
e2 = 64.12*np.array([0.5,np.sqrt(3)/2,0])
e1 = 64.12*np.array([1,0,0])
e3 = 536.35*np.array([0.5,np.sqrt(3)/2,0])
e4 = 536.35*np.array([1,0,0])
FinalState40 = np.array([[486.6220703125, -288.25177001953125, -0.1754084974527359], [583.2495727539062, 239.05763244628906, 186.04737854003906], [-567.296630859375, -400.2775573730469, 30.597537994384766], [477.8907775878906, -246.13308715820312, -214.45602416992188], [77.2359619140625, -211.57943725585938, 73.27590942382812], [43.23280334472656, 76.06973266601562, 160.58905029296875], [-96.26361846923828, -77.839111328125, -4.557161331176758], [245.76319885253906, 15.23301887512207, 166.8426513671875], [212.2796630859375, 84.18400573730469, -182.6027374267578], [172.75958251953125, 171.49710083007812, 191.85890197753906], [617.2962036132812, -226.95570373535156, 122.14436340332031], [277.492919921875, -59.86504364013672, -112.17829132080078], [111.30255126953125, -85.37376403808594, -161.26112365722656], [543.28076171875, -85.60135650634766, -79.67723846435547], [80.68126678466797, 28.050809860229492, 0.09534836560487747], [540.6546020507812, 301.67987060546875, -207.01705932617188], [686.4638061523438, 416.2551574707031, -7.250341892242432], [265.92584228515625, -166.57479858398438, 93.57758331298828], [236.5613250732422, -203.7982635498047, -53.13352584838867], [463.53662109375, -317.6731262207031, 227.07550048828125], [62.14801788330078, -196.3612060546875, -82.47614288330078], [626.9998168945312, 167.35821533203125, -120.95976257324219], [540.168701171875, -410.81451416015625, 133.9666748046875], [368.2452087402344, -445.3912658691406, 77.85975646972656], [562.6751098632812, -338.6736145019531, -164.88998413085938], [646.8935546875, 136.9700469970703, 55.65401077270508], [390.92547607421875, -432.6541442871094, -139.99850463867188], [432.8255920410156, 496.00653076171875, 37.994354248046875], [490.2138366699219, 397.2464904785156, 183.2906036376953], [115.33250427246094, 219.55331420898438, -117.66999816894531], [259.86334228515625, 151.64071655273438, -1.6481269598007202], [99.3914794921875, -75.94112396240234, 158.57420349121094], [96.9739761352539, 252.75332641601562, 56.45674514770508], [302.9136657714844, -15.421945571899414, 18.14788818359375], [455.72467041015625, 454.5655822753906, -141.6002197265625], [35.55872344970703, 62.075294494628906, -166.2562255859375], [510.8919677734375, -467.8631591796875, -29.258989334106445], [627.2976684570312, -181.7709197998047, -67.81657409667969], [532.398193359375, -126.16609954833984, 140.11094665527344], [506.1505126953125, 299.2070617675781, -2.470799684524536]])
FinalState40 = FinalState40.reshape(N,3)
ax.scatter(FinalState40[:,0],FinalState40[:,1],FinalState40[:,2],c='g', marker='o')
ax.scatter(e1[0],e1[1],e1[2],c='r', marker='o')
ax.scatter(e2[0],e2[1],e2[2],c='r', marker='o')
ax.scatter(e3[0],e3[1],e3[2],c='r', marker='o')
ax.scatter(e4[0],e4[1],e4[2],c='r', marker='o')
plt.plot([0,e4[0]], [0,e4[1]], '--', c='k')
plt.plot([0, e3[0]], [0, e3[1]], '--', c = 'k')
plt.show()
plt.xlabel('x')
plt.ylabel('y')
ax.set_zlabel('z')
ax.set_title('Energie='+str(np.round(Energy,4)))
#Finished in 22.029999 minutes