
 
 
## *************particleSwarm-volume multiple10-mean: resultFile50multiple10*************** ##
 
 
import numpy as np
import matplotlib.pyplot as plt
fig = plt.figure()
ax = fig.add_subplot(111, projection='3d')
p = 0.2
SNR = 15
N = 50
f = 10
bounds = np.array([[-1000, -1000, -300, -300, -300, -300, -300, -300, -300, -300, -300, -300],[1000, 1000, 300, 300, 300, 300, 300, 300, 300, 300, 300, 300]])
optimization_options = {'swarm_size': 400, 'c1': 1.5, 'c2': 2, 'w': 0.1, 'k': 80, 'p': 2, 'niter': 1000, 'ftol': 0.001, 'ftol_iter': 20}
Energy = 0.024564640258063396
e2 = 64.12*np.array([0.8660254037844386,0.5,0.0])
e1 = 64.12*np.array([0.8660254037844386,-0.5,0.0])
e3 = 536.35*np.array([0.8660254037844386,0.5,0.0])
e4 = 536.35*np.array([0.8660254037844386,-0.5,0.0])
FinalState = np.array([216.1101528785476, 220.7019902596692, -63.54425851014372, 21.884958285420378, 156.2308051213654, 190.212796996605, 98.52392281456737, -97.53551091469926, -4.545944078198825, 37.83017594536441, 230.17534163767058, -142.70481544507112, 554.9241552478964, -347.18348563197526, 76.33791574351581, -148.45324910343172, 145.5472177188928, -164.03968846220505, 170.0028113487886, 40.344960986289294, 129.7619817173726, -53.47095425333517, 62.26746743538598, 120.68799773862696, 685.6855909896088, 148.96221317887648, -214.63973428927892, 79.19591589716981, 38.948696091504864, -93.59554576412366, -89.71273719669765, -33.17285643016256, -40.621752862507414, 142.26734741007323, 37.875738463808574, -48.56801359288511, 611.9477072642505, -566.4697384740251, 182.31796507263283, -31.63337862662592, -14.701597966605124, 199.12844061524473, -18.21944029881425, -54.59032574667003, 66.6918091427275, -146.73910915598472, -154.54707543988854, 178.8622352128141, 458.1086139479654, 323.34785591392273, 202.00327484673852, -151.97066320297372, 163.76031518534288, -162.70645281406803, -26.137662080965665, 274.61777249454605, -215.00344838340655, -7.731705080775637, 249.1896234558392, 128.70780899972462, 776.5370584149823, 516.9731785827936, -98.15003724331444, -146.18242660949934, -64.63663002203151, 198.12809280111765, -140.5906521835564, -73.71492186295866, -220.04563784141322, 67.71849997505176, 23.50338158815594, 219.8965752837168, 42.7149588906091, 167.68217959557873, 107.10585581361707, 39.07107677706988, 272.901598557776, -173.9961640945097, -122.66812181145683, 22.237855809428254, -25.084260072035395, 211.66251252493177, -171.55588602737524, -131.08479254000693, 375.0415072408788, -517.1793475403623, 178.1323627257627, 62.2560873433122, -92.62337115195677, -5.006550071799478, -12.975462542598436, 186.8434922438911, -11.028181982426288, 112.77337582851405, 42.83438505531275, -104.36615903906726, 277.78059132940245, -199.85453751522752, -90.73931830967766, -172.1884297503963, 20.940165599526946, 23.37192792416069, -71.08951570013453, -1.88389905522809, 168.98560628487164, 72.53835096378242, 8.007408130464228, 89.30151700032617, -175.52974548476172, 161.5828286943362, -236.21275290194492, 197.07644625078774, 45.94481604289518, -60.70164538592698, 67.36862458974076, -95.29888871089206, -61.759812847194105, 76.97915410563655, 52.24311050865693, -131.22054140048957, 207.49512929122247, 42.01926885267617, -160.96253188552998, 182.16651273565648, -0.8629810341634842, -97.31280322805854, 114.31636643152015, 125.45285572365971, -110.57641601095689, 54.91731776622488, -15.183183336011883, -95.10052767069264, 221.54501940892453, 74.76707030162949, 194.93365090181214, 134.00127178698182, -3.9293278506304046, 236.17066764213845, -194.17823781235364, -74.72002116884515, -56.152505272666026, 128.24751205136354, -127.24475970946423, 114.35087147346471, 501.2004937343054, -239.59768346310304, -152.74307614856738, -125.22935324127505, 227.3173030346268, -27.385394130224274, -230.87846723193897, -45.66868732063436, 203.02423552149574, -25.883108172823825, 23.40149506387044, -137.26838817862574, 335.135472845386, 188.05424204900126, -124.14384367209902, 140.50065722888687, 75.08722771072999, -16.3748667184317, -116.45316414941892, 52.94078209434518, -77.0827820707584, 119.42254996695014, -188.47481198048254, -197.4987061161838, 168.51130166460246, -117.95053254202347, -129.64835616190499, 51.260222723788644, -218.51546958798374, 106.36028991671957, -130.54966521592914, -100.77075033891511, -24.700850651342627, 129.15243798774972, 169.9051370411396, 119.79124659027558, 236.07466895802824, 662.6968256475866, -83.4181169052588, 96.05693284881436, 163.2530990990618, 29.394653858839863, -96.03981703272855, -190.40751270990233, 69.08609346425578, 19.01761141744069, -29.756395782463912, 125.53891447580384, 64.11042119126913, -77.04042862692626, -239.79611572450702, -150.67359015648617, 179.60807555903418, 57.94091150448433, -225.54510950336183, -2.497427507501094, 90.16882023931113, -143.13876584019494, 18.441932056124134, -3.1488069908466074, 557.1449533804015, 201.5598248614144, -146.24968598972302, 16.735093612324054, -228.04709487121795, 168.13473665310906, -23.40099968529974, 7.613698368636667, -78.14685059974482, 221.99317666469204, -11.931566521185205, 202.30307635461932, 453.777289112016, -429.77024880046565, 268.0125250696286, -47.124886592393956, 96.01802994789236, -76.86848112770346, -46.207958782318926, 176.75177335394497, -210.77314787013256, -54.44656231635277, -1.7688765633898718, -238.9240805284752, -603.8807923737771, -311.7009166711554, -54.628050170404066, 114.25509625372983, -156.79349499784485, -208.37391872904647, 59.39888521963277, 1.5742210386265179, 0.8989988761301054, 65.41528457005981, -4.962018708564992, -163.33470500662784, -405.1913711009015, 187.2936203558345, -37.940731652739736, 49.17031008739492, -152.0377470377266, -97.7907013129025, 32.9318328466535, -38.20834365127589, -40.31063926768828, -218.09661513549096, 279.16796292074844, 129.58514594097292, 774.9742863593546, -778.9507413760452, 13.877457105829377, -136.05498886336258, -141.18414572643994, 100.25816032370487, 23.792691596822024, -65.88368238483623, 1.4663481851841917, 28.26954310245794, 210.54192219224456, 125.02894187830817, -398.88388403205715, -88.3945912271368, 180.15082506489512, -166.69528335131415, -40.365959276353536, -61.11184799467735, 147.43852758957962, -126.43960367236456, -123.82338716156477, 175.46413245592765, -185.23699557345543, 90.75421632970928, 396.84240424836344, 493.0933155770754, 33.88093091280885, 116.94518640204501, -22.937254674572266, -64.24902792650879, -64.23486389708262, 76.70722056517089, -75.96481798477613, 101.56717490649797, -22.91853630759992, -20.661606765493122, -55.2097520159512, -346.5225819743321, -14.535687575960617, -156.92781137258132, -88.12609095824578, 73.54663680548087, -39.70828991590431, -188.3401967147232, -26.541562248055047, -30.984702894813417, 23.984823317935145, 13.335089892854707, -34.97019452882933, 37.43799929895058, 80.00104796691299, -9.587617071957006, -205.11354572138507, 22.21534531149237, 173.67113142836527, 271.1641727377586, 102.97208679535422, -121.24895394850157, -74.21429767767229, 102.05686867652416, 489.53126591033566, -514.5619736535454, 39.16130047767024, -5.264129600271964, 46.93407903189581, 80.0727192048297, 19.727828519242433, -234.37023744048096, 22.5329296032557, -106.55139604705396, 49.08350970137979, 285.65504900951066, -84.64202326662549, -109.93564519762296, -27.203985933027035, -145.3641221737849, -124.81416099118113, 80.51482188967078, 44.130833038634655, -10.195463632505232, -36.78032096495007, 152.8710750212297, 17.96791285263401, 87.65722801510597, 502.47144455077495, -266.69904460994144, 26.62927758227708, 163.78615045634754, -74.27617646818874, 99.17669547892898, -121.80671837502375, -129.7593015048552, -12.547326828395592, -194.11257546771802, -17.510394900912924, 149.00651735751148, -314.63453443313244, 681.8866475330648, -136.50732853763702, -14.140291253340562, -76.56637161007255, 67.0410124024409, -90.40769854065941, 207.47870644513378, -246.91666820972026, 107.07416827637876, 77.23550824670008, -170.59860275814745, 54.15964629772259, -238.10081546044475, 195.34810248409605, -153.198183204634, 10.530874255798311, 35.80746320303418, 81.38774022982751, -60.82450234795248, -123.86611729147428, 7.271981175589795, 195.8141366850701, 173.47021699357566, 216.65659691209612, 483.76415524865274, 69.56060103982551, -47.696617523163916, 12.47453222947011, -106.87482036429842, 113.24715299602406, -87.75664876801159, -74.45509784712446, -79.12074193672376, -39.47730012813143, 92.55301459341715, 651.5784797569281, 296.9598506656576, -28.732268900985886, -58.97417975191793, -156.34483958236675, -1.940984176906485, -59.76314494009481, 165.26780962954, 77.30878498107097, -29.247010223159325, -244.34143679941977, -80.50788653612493, 674.6875968477958, -212.95977402721311, 154.5399264502107, 127.98202998353514, -155.14421744179162, 79.84720015951768, -179.30467821045661, -24.7644452953601, 167.79027670700003, -231.03577589670604, 137.13515064067053, -107.25615495442207, 641.2058724373568, 457.6561016197827, -230.87071660829315, 32.34580663450807, 75.40347605103214, -78.63539858838288, 65.83445615034077, 24.6464558176024, -101.66210206946154, 143.32936337662252, -99.99483575444349, -88.10837446004278, 357.05543285649634, 374.4916644399403, -64.43440778262071, -126.25290015387517, -110.40048781406273, 195.91291865326977, -149.3745932456746, 11.42703776167161, 44.018062312747695, -71.82499269587602, -53.9324436366272, 4.49071957469809, -553.2415380580067, 247.11717135227005, 101.3229801096615, 117.51972513700917, -138.6589163004662, 108.08195985405516, 1.2660000284271882, 111.6005745790815, 184.11045552089635, 21.744788249168888, -72.71148749802305, -68.50747208199157, -442.9418899593363, 549.5290921716468, -28.755523539586765, 72.14797167938367, -101.13546869951462, 58.2442877795856, -115.01245851146072, 247.618896184636, -111.63453890642323, 179.60864126766444, -175.96337199969943, -71.69455026678948, -205.0769939232156, -525.2789697064568, -147.99891264402484, -12.63407141859972, -146.1497880781499, -35.23800716516468, 17.448287242023408, 10.459685070850758, 206.28719586643774, 87.01217093497962, 61.3128300678381, 59.024457663398984, 145.47252963682485, 135.87508464597087, -129.25324557875072, -32.65909829071201, -23.683186483736492, 66.01066364596439, -113.29717869701135, 100.10476230826272, 131.02177805995382, -60.070055488902845, -207.63112886765543, 38.49357166177025, 256.9919589479408, -386.3099248497791, 161.81840834257545, 252.73757177320758, 176.7351906531982, -214.55394206810246, -61.678575670903854, 149.25856489475032, 83.59707135586147, 3.616728107943965, 27.910969492769752, 99.87101708522596, 322.5683005432372, -29.876907873283994, 0.7166308137091472, 104.54943726037553, -62.93557931184448, -123.5271044981192, 181.82543852699808, -81.84208283068095, -78.17011871051844, 101.9026531987905, -75.07131132665255, 46.645144172760666, 478.6035449427238, 452.11376528014745, 48.89264839303761, -24.66899331420361, -3.2768781108691893, -131.58048234067036, -58.50233932257849, -75.40932981512613, 219.55705702977826, -38.04211375964556, -214.67570785748921, 78.68507495237999, 568.7434257900148, -68.75510464108076, 7.889179060724276, -197.1355747054094, -95.74295001117488, 93.18908853792954, 20.34861563811939, -63.870909380354, 198.012848301958, 124.96846992757388, 46.938137363659074, -48.43060017386714, 74.19918865004125, 3.5706923854094463, 33.33949732837998, 121.9269152836258, -91.44853933116119, 78.71716405248353, 17.682195276976252, -23.293823348002284, -198.54862314553023, -62.393989964710116, 16.043543244191106, 83.1205465919946, 443.32553489259965, 64.16408470527644, -85.3660988595893, 254.0469967362583, -206.11053804004737, 226.3176103004828, 139.43440508840075, -31.982172340806194, 0.6987095812179122, 62.359730483383466, -58.13540425217581, -156.4980343746308, -264.34885213649557, -419.29801167551506, 107.05119647739917, -124.21787162728187, 110.46702227059252, -109.24481444660003, 68.37450231810598, -117.03957141239484, 220.0840519225392, 44.03834910919786, -9.994537155781238, 34.06462297123639, -304.52520793309424, 448.24104541603396, -192.34006522172007, -62.53369986501268, 129.87997046557473, -40.055425576935924, -226.77005400330302, 224.04451568424767, 19.047806407174566, 64.44678365943012, 45.893045159902634, -163.03502184717422, -881.7585224311367, 508.42534103570154, -4.765044623863806, 109.80261828384366, 83.83925415225343, -59.40597727428844, -74.70695606099552, 27.72316104280641, 194.6656954200434, 116.57965893180967, 16.820028523014003, -58.659112895389455, 594.8346737350377, 357.9448134391564, -119.84789091956377, -237.9644651714032, -2.7165345314710256, -163.76396373024812, 133.58135933003646, -120.8110733704931, 75.14114822867894, -63.471402231533474, 115.26935092513108, -150.27903699020248])
FinalState = FinalState.reshape(N, 3)
ax.scatter(FinalState[:,0], FinalState[:,1], FinalState[:,2], c='g', marker='o')
ax.scatter(e1[0],e1[1],e1[2], c='r', marker='o')
ax.scatter(e2[0],e2[1],e2[2], c='r', marker='o')
ax.scatter(e3[0],e3[1],e3[2], c='r', marker='o')
ax.scatter(e4[0],e4[1],e4[2], c='r', marker='o')
plt.plot([0,e4[0]], [0,e4[1]], '--', c='k')
plt.plot([0,e3[0]], [0,e3[1]], '--', c='k')
ax.set_xlabel('x'); ax.set_ylabel('y'); ax.set_zlabel('z')
ax.set_title('Energy=' + str(np.round(Energy, 4)))
plt.show()


#Finished in 2227.97 minutes
 
 
## *************adam-volume multiple10-mean: resultFile50multiple10*************** ##
 
 
import numpy as np
import matplotlib.pyplot as plt
fig = plt.figure()
ax = fig.add_subplot(111, projection='3d')
p = 0.2
SNR = 15
N = 50
f = 10
bounds = np.array([[-1000, -1000, -300, -300, -300, -300, -300, -300, -300, -300, -300, -300],[1000, 1000, 300, 300, 300, 300, 300, 300, 300, 300, 300, 300]])
optimization_options = {'learning_rate': 1, 'max_steps': 10000, 'ftol': 0.0001, 'tolerance_steps': 200}
Energy = 0.01545458990102827
e2 = 64.12*np.array([0.8660254037844386,0.5,0.0])
e1 = 64.12*np.array([0.8660254037844386,-0.5,0.0])
e3 = 536.35*np.array([0.8660254037844386,0.5,0.0])
e4 = 536.35*np.array([0.8660254037844386,-0.5,0.0])
FinalState = np.array([303.69416115769377, 279.1020498889803, -184.3345144257903, -184.329294176495, 185.65114399139117, 185.65195854627106, 185.64831192671207, -184.33200882170544, -184.3316986915363, 185.6477823302121, 185.65350020415676, -184.32789328416942, 698.7992282392562, -240.78864544806274, -13.874473074990444, -126.81699184757193, 125.42533496967368, -126.79023277577848, 142.06427291951232, -16.51571021713975, 108.83301016557695, -128.56952404212592, -15.382767059309396, 37.02279573618381, 646.7668331206834, 123.78004699630968, -65.35053497719143, 60.343338837549496, 60.338117805013596, -65.37960515473625, -65.37988612689206, 60.34599753731904, -65.38175599637071, 60.388811227879614, 60.338593816937085, -65.38197816009053, 492.57340547550467, -379.59263386429024, 210.92225432373596, -212.28564604305242, 210.92220213600334, 210.92219037366564, -212.28658589214965, -212.286140631088, 210.9222867508422, -212.28606858073277, -212.28622196650088, 210.9222374565993, 460.88375210365643, 275.50712208439074, 244.4756762647468, -264.09443431411466, 244.47534506935827, -264.0934643800032, 0.477342938562032, 244.47549311021822, -264.0958546355393, 0.4764737949352489, 244.47562001214544, 244.47527249698913, 642.6663154086344, 353.52974370978984, -157.92545869067897, -157.91374650102608, 3.9377276510831822, 113.85921136537137, -157.91365326795778, -157.92087466311463, -441.6302783127155, 178.07646567273838, 178.07794996433665, 178.0639832443534, 93.18792163212115, 89.37756758356778, 0.31205048888689335, 0.3048577150488989, 214.28607268265583, -209.8357832461307, 0.3100375786229266, 0.30468362274662614, 0.30773324195450164, 214.2989295314694, -209.8376653221763, -209.83381011753775, 410.59836089091647, -498.86329296477646, 71.63716155336492, 71.6373024956694, -37.44730136947065, -34.55337974729122, -34.67521486508091, 71.63755908928715, -34.627182204110625, 71.63712479929065, -24.829479152056933, -38.49118546053029, 449.65954446376617, -146.82023534866892, -196.05053527244672, -196.04986814576552, 191.61899384130652, 191.61943816942136, -196.0526329044613, -196.05068096416875, 191.62170229888258, 191.62654586193193, -196.04938135969098, 191.6270168414334, 159.9414261693998, -4.910925290265359, -205.44436023093144, 204.71894586921056, 204.7181901986917, -205.44297910383122, 204.7178217617888, -205.44144075938664, -205.44288236124294, 204.71785485143226, 204.71827523306504, -205.44054701965834, 278.4757719783675, 86.1543452144888, -106.35646471594696, 104.56576781574412, -106.2254772133079, -106.2927398022415, 104.57021247380807, 104.57072023390454, -106.30770541897361, 104.56317969695236, -106.23209590768663, -106.2902927067544, 236.70577645437874, 12.336305497704458, 146.8525912286266, 146.8522144954593, -142.32519174301225, 146.86098549867563, -142.30761267730492, -142.3100849233401, -142.313455495109, 146.8539780278315, -142.30651550772492, 146.85813577773558, 542.7822604476854, -293.1573463009953, -219.15891052899656, -219.15948447967475, 242.29589859288646, -2.7224697656068297, -219.16325874536204, -2.7234036987389176, 242.29800736398698, -2.7223642862152704, -2.721907194130078, -219.15925780200075, 446.85605947368987, 138.1573780120928, -202.2107301411481, 196.09726474551002, 196.0916589660769, 196.0892592476771, -202.21066235902487, 196.08997502180821, -2.073279951326244, 196.09656263954813, -202.2105288024384, -202.21058965227104, 272.08783109086085, -93.72850575383413, -111.36885843224154, 109.06635807801064, -111.36865756296957, 109.1168025667536, -111.36876248295303, -111.36854751729018, -111.3690101336537, 109.13697530440186, 109.16998923473305, 109.1290917831786, 337.3095574415815, 470.7816620104763, -64.53986674990048, 93.32094540866889, 95.54550284232025, 32.86591111717756, -64.56428172099339, -66.34976818250547, 93.42601610090051, -56.89648618334308, -64.58966830316892, 93.46256171137341, 272.0719565290226, -93.74524187214836, -111.37352940673041, -111.37339091101009, 109.34773613953541, 109.06318206551722, -111.37349917889478, 109.0624466297302, 109.13893206694533, -111.3734364428856, -111.373466700395, 109.06255617922722, 596.1903102640484, 169.57820686900257, -183.46160276236643, 187.10901320341156, -183.46538966011462, 187.10809743529265, -183.46597291275333, 187.10930769629266, -183.46365813002217, 187.1112845313259, -183.46742144139455, 187.11041151731453, 409.9251894585801, -443.4792972468375, 170.51454787082372, -161.52224452208046, 170.6125465811959, -161.5890873202296, -161.52064762443308, 170.54707113438744, -161.5427303937763, -161.535925055583, 170.54614796668912, -161.5365049407267, -46.971993416507864, -87.73313065805132, -181.5351367991631, 358.42943864147446, -181.53599302847448, -360.7235880828576, 172.12266788189066, 172.09330139587746, 172.09619105902158, 172.1252825041831, -11.791063457591621, -181.53620765452735, 91.30440865617744, -20.908097963585735, 1.2148251954114193, 232.79170625544862, -227.86394260773605, -227.86436222930652, 232.79227895047399, -227.86680928812794, -227.86891753173765, -461.7506526722545, 442.6942110766466, 232.79108189472896, 629.5869910133844, -363.1205269758032, -91.653099145464, -169.33934022128327, -169.3420753582499, 174.15686635474972, 77.86329875708161, -169.33923470430065, -169.33955203999994, 174.15736649730508, 174.17991973883346, 174.158748269074, 110.7698777969175, -136.95247200648254, 176.5809310336177, -178.47265035429956, 1.5010033152088562, 1.4977050300112307, 176.5112805815211, -178.47267402471806, -178.47273785948073, 176.53535759959436, -178.47617067507383, 176.52507879557365, 450.9366811349781, 507.487238174118, 75.76745162909296, 75.36480381687943, -71.07212618065934, -71.41433279594001, -71.41347741691024, 75.49121223841492, -71.53763996631231, 75.37367479353787, -70.97366741156937, 76.42787111183968, 316.61359560573806, -310.4466685322566, 181.25236120671627, -186.76291099730275, -186.7640744213176, 181.23124801386965, -186.76319038173622, -186.7475066360569, 181.25303968192281, -186.7633270412512, 181.2492708173356, 181.25025818971875, 209.11831929491782, 152.66439815323946, 11.988172079689935, 11.378706543540053, -64.29843840385297, 11.364797179455334, 52.57546990787163, 11.073568896903724, 39.40507730355065, -69.15777443963685, -22.925827285720267, 38.27508220651238, 546.5512672364571, -488.4059750068092, -18.159816761453122, -109.80384441064541, 126.60365003361235, 121.89951370346003, -18.21556617324785, -136.61432327932138, -18.210914574198164, -140.69419272298902, 126.64133333861876, 60.64750800704096, 182.8690832324996, -208.15475026353826, -110.1948291975829, -372.90996013251333, -110.33294117177077, 117.7296996298046, 370.00164569065487, -110.05241726405808, -110.24046951154561, 120.26171359029273, 116.9293642524757, 117.86103624583149, 454.35364698816625, -277.40500004930664, -3.3732233005563534, 253.65212488483897, -3.373906481623073, -3.373593041241306, -256.62199253495436, -256.62454256242154, -3.372973609955418, -256.6193493876704, -3.3730711850722646, 253.6550774719696, 145.28496929027708, 180.18786215199253, -136.85001736553576, -21.579145986436142, -109.3718231108014, 143.0602939812465, -136.8654382174187, 147.21692029815722, -364.46016773364084, 146.63785427408004, 146.56202089066457, -136.89519284227143, 205.17570624352297, -157.48593005680252, 75.88497750458231, -67.31770347804213, -15.526230690878078, 0.36998711806417556, 18.964301503960996, -26.792120850831786, -45.3125055109996, -16.830195505781575, 77.98552420244908, 26.952796721351827, 231.2862779283605, 359.078687493614, 96.43684755252524, -12.46200299854516, 85.62190344838834, -100.55586062066715, 96.98036788043581, -100.10853479914432, -21.34072723316348, -100.11446295325135, -12.391000650857135, 96.64109062917217, 700.8921735889908, 240.3007493943076, 11.597950200325789, -17.34332435115105, -124.26568775303649, 116.94670831233334, -21.86052083183624, 126.32272725897796, 126.4233342535159, 10.685177922720447, -140.68580994746057, -120.0028223457927, 641.5381602678408, -123.89374509775762, 65.9973075591659, 66.00567661376898, -77.62334604537553, 56.53888891291092, -75.89169343842421, -44.260640553177616, 66.58734408711628, -81.48964977838693, 65.89553807624088, -74.03632535988199, 565.4091920509494, 477.0293892132252, -122.09459027574874, 19.173422268690427, 132.98906903912135, 19.087036180818256, 132.98843652670473, 19.14592877974384, -122.03617821272358, 133.02569545598317, -122.03578653128203, -49.4868242040423, 400.2468858253489, 415.80933945767384, -192.94196216870313, -192.88502047732925, -192.90368957815295, 207.15905206221487, -192.86027881678663, 207.1436227037582, 207.12746685524664, -192.93727434287416, -192.94941689988988, 207.14471424929863, -47.83666346102237, 73.38600635096026, 180.50381742196853, 180.50440497228053, -361.2275415652107, 180.5044833005564, -8.525170716109121, 180.50491557776914, 332.8536637069026, -180.29600336464907, -180.29587097686922, -180.2957760220886, 80.68951504540172, 349.1731969707762, -8.590438940682382, 78.56156531498303, -53.8656873694429, 71.51907424850972, -132.175377676218, 243.4819855550793, -132.1599798878192, 109.82516280878056, -288.146602762042, -8.446343049459113, 104.20516478800477, -364.5961796704924, -277.545059568369, -122.24767045675975, -46.88819958868715, -126.63064285570407, 12.362619858136638, 12.317255792808453, 266.8976041395832, 141.38691736793248, 102.30587749020668, 20.43019109847794, 274.0743218798736, 88.78186150353261, -108.34652627744471, 106.21886744948927, 106.21865493169311, 106.21840887603412, -108.34426545426452, 106.22571922360687, 106.23262830764718, -108.34009978963962, -108.38428115176514, 106.21870981655074, 273.7223192295672, -413.19228899284093, 76.6693211714058, 78.51380939126076, 76.67519956868993, -82.42400389349774, -82.02920243224465, 76.66236551960115, -6.725370747747534, -82.08301139324168, -80.25219003588556, 13.320823642659594, 341.3859378937384, -11.030855029680582, 3.040595344303675, 6.228477263125632, 5.484365542470764, -5.871911401225162, 368.953083156549, -5.401837668371175, -5.281750306941308, 6.143126128101009, -5.1529740431651945, 4.123902649026707, 510.2176646374742, 401.2830313201864, 204.07556126121, -197.781654490676, 204.0742034291725, -197.7847238278413, -197.78520219625034, -197.78604571780676, 204.07108408395192, -197.78266475475996, -197.77734809028559, 204.07587868045246, 592.5248407523294, -190.28816312433543, -200.8341706044524, -200.83465866362098, -200.8348097911214, 197.6447707094127, 197.6427804183984, -200.83506525506155, 197.6423063171989, 197.64571124952053, 197.64329622270492, -200.83524625911446, 92.25425592717916, -83.56957689179097, 1.9118240012994112, 214.44458728227758, -205.14926938721717, 214.22851916949045, 1.9113678541835986, 1.9108908513766527, -205.17208043903645, 1.9123959432831217, 1.9112493390208911, 214.2434762145662, 513.4550527922534, -0.8744960584951819, -77.79069738347113, 67.34789694073335, -77.79429515698595, 67.34449979045671, 67.35188343376969, -77.79166060399847, 67.35476539115109, 67.35717041974301, -77.79050878907042, -77.79324838919771, 23.345414964026446, -241.46793741153581, 87.04374348827658, -297.982181938635, 87.09456760114756, -103.07016133100508, 86.94571336148316, -103.3646757345225, 252.06042328249256, 74.27645577586694, -103.09508052252093, -84.41932713588874, 107.78325981789389, 136.58980548534677, -182.1377556201577, -182.14524315049977, 185.93296185434625, 1.8101766005469604, -182.16259541690138, 185.95150543656186, 1.8114803558611097, 185.9347177161189, 185.9372293406581, -182.13777523793934, -4.999056961681848, 241.2415652116189, -95.48424793716472, 155.7188830853052, 75.39126022148257, -95.58834275632171, -209.15789169105219, 35.26167177076222, 396.4588811705331, 155.70771189255538, 16.738768234348154, -95.55153476219293, 561.7377804088737, 280.8500094205704, -229.7897601509109, -229.79038998248288, -0.12199486455474419, -229.7900431938347, 233.4350614251662, -229.7897100814325, 233.43283043428298, -0.1220484370041507, 233.43426527623583, -229.78989543384932])
FinalState = FinalState.reshape(N, 3)
ax.scatter(FinalState[:,0], FinalState[:,1], FinalState[:,2], c='g', marker='o')
ax.scatter(e1[0],e1[1],e1[2], c='r', marker='o')
ax.scatter(e2[0],e2[1],e2[2], c='r', marker='o')
ax.scatter(e3[0],e3[1],e3[2], c='r', marker='o')
ax.scatter(e4[0],e4[1],e4[2], c='r', marker='o')
plt.plot([0,e4[0]], [0,e4[1]], '--', c='k')
plt.plot([0,e3[0]], [0,e3[1]], '--', c='k')
ax.set_xlabel('x'); ax.set_ylabel('y'); ax.set_zlabel('z')
ax.set_title('Energy=' + str(np.round(Energy, 4)))
plt.show()


#Finished in 1192.99 minutes