
 
 
## *************particleSwarm-volume multiple3-mean: resultFile50multiple3*************** ##
 
 
import numpy as np
import matplotlib.pyplot as plt
fig = plt.figure()
ax = fig.add_subplot(111, projection='3d')
p = 0.2
SNR = 15
N = 50
f = 10
bounds = np.array([[-1000, -1000, -300, -300, -300],[1000, 1000, 300, 300, 300]])
optimization_options = {'swarm_size': 400, 'c1': 1.5, 'c2': 2, 'w': 0.1, 'k': 80, 'p': 2, 'niter': 1000, 'ftol': 0.001, 'ftol_iter': 20}
Energy = 0.04593407428626763
e2 = 64.12*np.array([0.8660254037844386,0.5,0.0])
e1 = 64.12*np.array([0.8660254037844386,-0.5,0.0])
e3 = 536.35*np.array([0.8660254037844386,0.5,0.0])
e4 = 536.35*np.array([0.8660254037844386,-0.5,0.0])
FinalState = np.array([302.6837758400287, -387.3583237189718, -124.9569614107194, 184.02756896908045, 123.75584836885318, -498.7093318327359, 67.06252580741331, 23.952432462640708, 135.79662792049118, -180.47441780995663, 234.74282579383492, 257.90797447233496, 64.67990740798457, -15.985606800447245, 186.52377070578333, 504.4532596381012, 292.4035059951778, 240.0092459935977, -199.00605509467394, -1.445864798675121, 56.54625195949207, 384.00561760567257, 76.24789888579298, -170.40499840227864, -30.39940320559505, -25.630163614432455, 170.0650011125907, 168.42132290024927, -170.58503808421432, -34.383563191662724, -208.30016172627876, -427.038384437043, 14.786254575563358, 24.055611077490983, -52.39080440492526, -38.68074775048815, 389.23617330798845, 30.94058546958726, -64.9075441394225, -72.63328784189864, -8.608819522209476, 3.1070644367435163, 11.371810004791048, -200.3460694259615, -140.96612942364618, 508.62907899609036, 448.2194851079519, -46.76107261344404, 42.30371345924435, -164.16716285208486, 152.61164522231158, -137.21704003311442, -218.79517416605896, -129.88057641000418, 184.93512334471984, 602.5888620714222, 96.30392765161524, -63.62805460570674, 61.50747061048994, -177.2868270306602, -452.44158728686904, 377.064268286593, 109.10783943106024, 23.76905084166807, 217.27471456003977, 2.1396902640060045, -374.25594526589595, -61.60785792187201, 174.44955353779727, -138.98538928813448, 629.2342358900097, -286.0187693408509, -10.82121408443371, 96.77650255046447, 15.353217436258516, -339.2453456672723, -167.73107748328943, 59.61054238078224, -189.7296802182258, 16.830489421010295, 594.938853542033, 346.6517607638048, -37.059961486901386, 165.52810639356687, 106.98039399864484, 422.6735986081711, -124.69901692575317, 42.81791222834588, 155.16727142519372, 21.890806420560793, 638.3774743689642, 284.02121681219023, -200.19638973065233, 134.68628933295057, 19.888138308317153, 126.6268511547816, -62.80143192883832, -76.88492061899782, 125.0153335159477, 225.56528895833523, 234.9951355860106, -105.92159687815005, 87.49231078801972, -18.238544870530056, 96.42569509587251, -309.8744494828887, 465.79532835783596, -25.963795584417166, 41.15690743663939, -126.18053684827015, 573.9619409231942, -157.81319211639317, 107.04331726681126, -160.28175882564037, 12.78453957560082, 211.43900269011795, 155.84336782113323, -108.9500995458989, 192.8081474998747, -73.38073834518751, -127.53003673204796, -265.3859151215826, -95.29332841316123, 20.85616623284626, 71.86234100030205, 166.79573445786252, 53.128266630568696, 76.27438629013675, -184.39736411794212, -24.6643499526917, 356.6197386026495, -0.5881336463127652, 46.553320197219655, -75.69174222065058, -153.40877968792532, 69.414415203341, 199.86672013122245, -54.917423073423215, -96.87111900393943, -202.65238803352946, 84.79996700878459, -179.24284395028573, -88.25642940783165, -170.99191965450746, 96.79202593884507, 670.5409734777562, 250.7317755932754, 22.37846067668981, -66.40840572952882, -230.70050262076435, 589.0815444587427, -425.3792060532964, -1.0782769509039825, 110.21331350175258, -143.41459822481755, -685.0808992732998, -715.7071275329414, 79.18140835898609, 215.5508211446121, -118.2961209671807, 294.3102457259797, -26.756207031139326, 236.33482091805283, -141.25064143999384, 46.30216275538651, -328.6112308602547, -683.9101741235312, 26.593759166606464, -239.25816899491858, 205.1249917381163, 299.2514810176044, -227.3885836024486, 46.83310180589724, -139.19448365660986, -100.5742740072451, 127.90808131064824, -351.58187297679206, 73.88203386037162, -133.28104911601824, -43.93008306656622, 113.97580628199141, 209.86203750896163, 202.6831378731108, 58.092110342239046, 41.45093284843531, 448.0574033194615, -410.63946981052464, 131.85005958467403, 168.2461863521742, 49.13794424164954, 408.3983278292692, 459.2142553812346, 195.61957420302312, -135.08457274064324, 37.66123750142428, 637.384462746634, -275.0620786314599, -54.45001494110748, 122.01123031822559, -201.19650203780412, 518.6182113499311, 145.8937467904585, 97.68856450731234, -16.19474703747046, 164.56233409515744, 486.0317587975132, -469.4419991262886, 80.01689113210087, -66.67033689959109, 53.79259407413682, -179.00693612701687, 651.796274801231, -26.3934311673863, 154.5224217402522, 10.680081144494627, -661.7238567884565, 437.9433092662767, -89.77893915716909, 142.47206276076056, 9.437637726517965, 546.8899241825128, -300.9309164893082, 113.51909044230771, 195.58153825977286, -50.919629537640155, 363.48578005217723, 135.71163537107174, 21.616892156031458, 128.37825059700845, -135.0208076756598, -5.009503039862695, -49.77856825492378, -93.20503017726907, -78.58455085361342, 112.45307996283854, -129.4066020814757, 317.9409483943287, -144.59771763332824, 240.16567845760466, 16.326024128170722, 494.32517397255003, -359.72409821264966, 124.12554985881248, -44.59565517297015, -229.53722437315736, 293.7476867209024, -564.1638464068456, 83.9558386369562, -53.87800405092059, 105.41743602008118])
FinalState = FinalState.reshape(N, 3)
ax.scatter(FinalState[:,0], FinalState[:,1], FinalState[:,2], c='g', marker='o')
ax.scatter(e1[0],e1[1],e1[2], c='r', marker='o')
ax.scatter(e2[0],e2[1],e2[2], c='r', marker='o')
ax.scatter(e3[0],e3[1],e3[2], c='r', marker='o')
ax.scatter(e4[0],e4[1],e4[2], c='r', marker='o')
plt.plot([0,e4[0]], [0,e4[1]], '--', c='k')
plt.plot([0,e3[0]], [0,e3[1]], '--', c='k')
ax.set_xlabel('x'); ax.set_ylabel('y'); ax.set_zlabel('z')
ax.set_title('Energy=' + str(np.round(Energy, 4)))
plt.show()


#Finished in 378.14 minutes
 
 
## *************adam-volume multiple3-mean: resultFile50multiple3*************** ##
 
 
import numpy as np
import matplotlib.pyplot as plt
fig = plt.figure()
ax = fig.add_subplot(111, projection='3d')
p = 0.2
SNR = 15
N = 50
f = 10
bounds = np.array([[-1000, -1000, -300, -300, -300],[1000, 1000, 300, 300, 300]])
optimization_options = {'learning_rate': 1, 'max_steps': 10000, 'ftol': 0.0001, 'tolerance_steps': 200}
Energy = 0.028585166510088123
e2 = 64.12*np.array([0.8660254037844386,0.5,0.0])
e1 = 64.12*np.array([0.8660254037844386,-0.5,0.0])
e3 = 536.35*np.array([0.8660254037844386,0.5,0.0])
e4 = 536.35*np.array([0.8660254037844386,-0.5,0.0])
FinalState = np.array([452.9181601152512, -419.29719493360824, -201.7260798240007, 189.89443029678998, 189.90262817620354, -35.18171365822393, -83.86367298251774, 5.197006322305567, 180.77403423044802, -174.86990768368685, 444.41357509758114, 425.3492757005014, -186.99498002799913, -187.01049742963352, 207.56821489586613, 592.9124700627767, 319.04781985429815, 194.53161126475453, -212.88170951387488, 194.5412445313269, 341.56972754057205, 334.6625743151125, 202.09298020617578, -188.97158696758828, -188.9673050078981, 104.83414212007605, 115.55355814634291, 165.6862998974979, -168.96111662225664, 7.243772945018839, 155.3069752639926, -172.58808540565812, 58.722504749498555, 218.74028892963673, -205.68792930273275, 331.35865405757096, 466.9598640176203, 114.02960841441364, 5.041471518671349, -91.0470032430043, 104.81818572908614, -128.49193968491775, 169.6657287636809, -179.71634174442735, -36.988928300234846, 585.0927788707264, 439.6349140330126, 12.82296011901579, 151.81670475140385, -146.18585673318773, 204.2089529057231, -5.852337791612971, -172.76912590657417, -172.77089069299026, 174.62527408361862, 625.5268555030925, 167.56110455702807, -142.31048914567896, 154.0967277320801, -142.29547303516566, -36.8790690210129, 76.98743378295703, 3.5471938891674597, -178.30774887975446, 180.92428831706135, 246.58959472450175, -139.54093380336354, -102.1574831089251, 94.69419517272321, -102.0355926500096, 621.000140334093, -159.6879297522628, -139.73353390986193, 138.19808429275506, 138.2049735966197, 61.84427685814094, -240.24481633573214, 123.48785236111426, -119.24930851585646, 4.591651800944639, 703.9309559784659, 302.8021429432935, -139.51768410984414, 122.37184188915937, -14.146322623114958, 518.079412315113, -0.1022770623248191, -40.60885321206746, 70.49798908707542, -40.4687345752185, 506.64426209113776, 306.5807143475697, -239.8310149003804, 238.9917157947118, -1.333630090954734, 199.56216595181579, -6.038970900415601, -174.94532415971352, 175.7483523845803, 175.75142198306983, 268.7791120019383, -109.07599602268719, 97.37669974348913, -83.71374371653275, 97.3765769522174, 176.72197400912899, 181.55566179199607, -206.27953732176115, 202.6091894962458, -73.57599372474391, 673.5908014481149, -160.28003421098157, 48.53353239525641, -86.35515144897505, -6.071628840094642, 415.8919248010515, 137.9176875366661, -189.05089633185753, 191.14149544049283, -189.0467973292507, 80.92504665306043, -18.155764419155535, -252.512981884014, -191.98046172361967, 251.10122211298338, 274.37388960132046, -83.88432172338345, 96.78062945580274, -80.57369088906867, -81.80160831690402, 331.7168097917175, -10.866453210319102, 21.001334684314653, 24.68067020124682, -33.262993251260646, 273.2276971042103, 89.65454037878709, 95.79358596942082, -97.61497709247496, -97.60875184535344, 419.25866752091946, -145.04925806616993, -194.77277076394154, -194.7720233900761, 190.31672497351582, 677.0724382405, 154.91606683120943, 90.53391139017516, -16.39343214221362, -19.124778709733786, 586.1339236639376, -439.3632077137114, -20.28241751901725, 139.76042872285245, -157.21668034076666, -484.07798967455744, -715.2352515730255, -8.935516348282125, 263.53323010841336, -283.4751264215246, 261.54677390757274, 116.96753979894673, 93.46079569186001, -100.70545920029089, 93.45412972633224, 222.74972579963702, -297.1326184357711, -8.741509118882231, -99.00983484635692, 93.02107235232232, 556.7585834443171, -182.59278275107295, 220.22948602249727, -201.81724664419906, -201.81760032355407, 365.8020533369651, -337.3294147374007, 209.35001482010557, -200.99684053112694, -200.9980318051499, 265.21213538055684, 107.08180183948475, 94.26766251106024, 14.587144725817906, -99.5905481217023, 568.8235139620324, -321.93996574209206, 208.4214156285058, 208.42092043356544, -208.97513162286415, 466.6071712087063, 496.12552679061105, 107.8150908167031, -62.58090273094929, -1.038186497648961, 694.3512553793798, -305.2036466049574, -2.618164846220853, 144.9813319896326, -158.15484003187174, 559.0011655217794, 160.46835037205662, 188.40160203253367, -217.4575901019342, 188.39749592499197, 467.1266374871023, -495.3486509591882, 71.54683844715103, -102.79062431962195, 6.462412595931422, 216.06444592065571, 300.73382137697666, -79.15856192645026, 96.77159591822442, 6.688121305999102, 61.430444342802886, 234.36257810646157, -127.92906259885942, 134.51659974755916, 10.247792883049296, 474.40777379770356, -263.61453367979533, 0.5428988485384113, 255.13774521530135, 0.5435577873101616, 462.5410073053761, 263.0023189941557, 2.266311556119186, 244.38328244578983, -256.4309864654197, 98.52073159886243, -38.18416866586644, 1.4662816856252268, 1.474066116789756, 179.8053848339564, 108.32328561434957, 88.25277045469905, -209.61910049076576, 210.64049828025406, 4.003331225459539, 492.9370890473415, -296.5779564523089, 0.9067364507941454, 0.9071136909276607, -255.94799784826924, 334.8609311673624, -468.9882237216888, -5.183057355626749, -106.86153449846024, 105.63657379741733])
FinalState = FinalState.reshape(N, 3)
ax.scatter(FinalState[:,0], FinalState[:,1], FinalState[:,2], c='g', marker='o')
ax.scatter(e1[0],e1[1],e1[2], c='r', marker='o')
ax.scatter(e2[0],e2[1],e2[2], c='r', marker='o')
ax.scatter(e3[0],e3[1],e3[2], c='r', marker='o')
ax.scatter(e4[0],e4[1],e4[2], c='r', marker='o')
plt.plot([0,e4[0]], [0,e4[1]], '--', c='k')
plt.plot([0,e3[0]], [0,e3[1]], '--', c='k')
ax.set_xlabel('x'); ax.set_ylabel('y'); ax.set_zlabel('z')
ax.set_title('Energy=' + str(np.round(Energy, 4)))
plt.show()


#Finished in 101.92 minutes