
 
 
## *************adam-bulk-50*************** ##
 
 
import numpy as np
import matplotlib.pyplot as plt
fig = plt.figure()
ax = fig.add_subplot(111, projection='3d')
p = 0.2
SNR = 15
N = 50
f = 10
initial_pos = np.array([[304.2356262207031, 319.77374267578125, -49.78146743774414], [459.9877014160156, -118.60626220703125, -71.41265106201172], [14.611515045166016, 28.442609786987305, -199.30477905273438], [67.26726531982422, 191.91818237304688, -166.84896850585938], [445.9610290527344, 77.9857177734375, -111.9239501953125], [-498.7812805175781, 426.6166076660156, -156.7626190185547], [328.7423095703125, -107.22796630859375, -125.81024169921875], [553.76220703125, -361.3067321777344, 24.31418800354004], [115.57256317138672, 127.37281799316406, 149.09156799316406], [482.3359375, -449.6995849609375, -23.815393447875977], [642.2036743164062, 290.84783935546875, 136.31466674804688], [257.4657287597656, 132.01747131347656, -119.1974868774414], [395.5763244628906, 95.52167510986328, 94.11739349365234], [532.3565063476562, 382.33184814453125, -112.73805236816406], [106.7541275024414, 506.7138671875, 250.85171508789062], [390.9245300292969, 516.3231201171875, 33.23074722290039], [564.873046875, -352.63055419921875, -71.59028625488281], [-110.10209655761719, 275.48675537109375, -116.71269226074219], [147.03701782226562, -188.96571350097656, -203.8865203857422], [499.03509521484375, 287.9245300292969, 63.34969711303711], [167.16323852539062, -78.91531372070312, 24.863527297973633], [191.9104766845703, -210.5790557861328, 103.98165893554688], [544.0054931640625, 144.20848083496094, 134.86981201171875], [325.8805236816406, -467.2766418457031, -63.584171295166016], [-113.58052825927734, -186.07350158691406, 247.75425720214844], [226.12257385253906, -212.79075622558594, -70.33222961425781], [240.66563415527344, 308.6780700683594, -11.991352081298828], [-187.81298828125, -372.64471435546875, -142.70114135742188], [147.26255798339844, -445.06353759765625, 87.38716888427734], [-206.4421844482422, 425.884521484375, 141.36558532714844], [201.0187225341797, -23.095136642456055, -187.3343963623047], [663.8616943359375, -209.88929748535156, 46.80972671508789], [-40.42676544189453, -220.7777099609375, -141.02978515625], [479.0373840332031, 349.3409729003906, 146.50067138671875], [551.8419189453125, 345.5447082519531, 80.51554107666016], [661.7160034179688, -121.38459777832031, -148.75479125976562], [471.0599060058594, 153.91183471679688, 239.27154541015625], [66.65252685546875, 141.66946411132812, -96.98287963867188], [641.4116821289062, 211.60214233398438, -62.120967864990234], [-527.5283813476562, -399.40008544921875, -7.845019817352295], [514.7908935546875, -342.4919128417969, -129.28858947753906], [-254.141357421875, 49.36355209350586, 131.89913940429688], [144.28367614746094, -124.75631713867188, 136.22232055664062], [320.2160339355469, -117.81525421142578, 35.46019744873047], [-276.7295837402344, 282.888671875, -1.4392915964126587], [299.47320556640625, -316.33831787109375, 46.19271469116211], [197.5254364013672, 426.6229553222656, -61.137447357177734], [255.86082458496094, -1.5384994745254517, 103.6814956665039], [143.96231079101562, 345.76812744140625, -98.32948303222656], [-8.644601821899414, 264.005615234375, 125.06541442871094]])
optimizer_options = {"learning rate": 1.0}
Energy = 0.05836254730820656
e2 = 64.12*np.array([0.5,np.sqrt(3)/2,0])
e1 = 64.12*np.array([1,0,0])
e3 = 536.35*np.array([0.5,np.sqrt(3)/2,0])
e4 = 536.35*np.array([1,0,0])
FinalState50 = np.array([[441.41876220703125, 327.45977783203125, -237.00021362304688], [322.51446533203125, 68.94094848632812, -82.95733642578125], [93.28053283691406, -52.51433563232422, -176.3721160888672], [203.97982788085938, 52.91211700439453, -171.79042053222656], [626.7389526367188, 233.8486328125, -145.8704071044922], [61.84843063354492, 185.60948181152344, 102.34745788574219], [185.46670532226562, -258.6891174316406, -244.85015869140625], [593.4203491210938, -277.76397705078125, 153.19192504882812], [306.9452819824219, 4.309813022613525, 20.385889053344727], [523.6229248046875, -310.3936462402344, -2.5017433166503906], [618.7549438476562, 274.3739318847656, 160.9464874267578], [528.0272827148438, 155.61178588867188, -187.1330108642578], [293.8678283691406, 96.64228820800781, 91.88379669189453], [539.8753662109375, 391.5476989746094, -168.8010711669922], [373.0162048339844, 469.8472900390625, 101.13670349121094], [501.2235412597656, 490.31732177734375, -30.37592887878418], [526.22216796875, -313.1846923828125, -2.176331043243408], [77.5024185180664, 113.7651596069336, -146.7531280517578], [281.50396728515625, -79.14232635498047, -296.9146728515625], [490.3871765136719, 279.9488220214844, -0.8658587336540222], [132.1287841796875, -348.2992248535156, 144.42665100097656], [224.52468872070312, -215.686279296875, 277.9240417480469], [581.7760620117188, 57.643646240234375, -2.6835529804229736], [473.38018798828125, -475.7923278808594, -27.725149154663086], [64.3380355834961, -132.23475646972656, 145.4021453857422], [229.7761993408203, -184.00660705566406, -63.943504333496094], [227.18563842773438, 213.5683135986328, 34.171104431152344], [128.22067260742188, -382.99969482421875, -71.46929931640625], [222.0221405029297, -212.00222778320312, 55.251914978027344], [71.35655975341797, 226.3555908203125, -46.63990020751953], [273.2384033203125, -64.95903015136719, -92.02755737304688], [647.1608276367188, -194.2177734375, 24.957849502563477], [70.53614044189453, -179.22427368164062, -109.22431945800781], [445.0790100097656, 336.3948059082031, 233.45529174804688], [541.615478515625, 433.87152099609375, 139.82774353027344], [610.7579956054688, -231.40516662597656, -133.21890258789062], [544.8488159179688, 163.41500854492188, 184.08010864257812], [169.10186767578125, -95.79987335205078, 10.231473922729492], [661.298583984375, 169.65924072265625, 16.85842514038086], [48.814022064208984, -228.59674072265625, 19.610841751098633], [529.3445434570312, -385.35968017578125, -157.83285522460938], [83.48316192626953, 28.395095825195312, 14.428027153015137], [171.8335418701172, -44.209415435791016, 193.16342163085938], [278.9315490722656, -77.0962905883789, 122.3521728515625], [-9.526640892028809, 21.861148834228516, 196.95114135742188], [508.49951171875, -419.45166015625, 126.50930786132812], [364.89910888671875, 457.3038330078125, -102.68724822998047], [374.9000244140625, -21.050853729248047, 310.80047607421875], [239.39309692382812, 203.30059814453125, -111.71328735351562], [160.95132446289062, 100.9425277709961, 179.9355926513672]])
FinalState50 = FinalState50.reshape(N,3)
ax.scatter(FinalState50[:,0],FinalState50[:,1],FinalState50[:,2],c='g', marker='o')
ax.scatter(e1[0],e1[1],e1[2],c='r', marker='o')
ax.scatter(e2[0],e2[1],e2[2],c='r', marker='o')
ax.scatter(e3[0],e3[1],e3[2],c='r', marker='o')
ax.scatter(e4[0],e4[1],e4[2],c='r', marker='o')
plt.plot([0,e4[0]], [0,e4[1]], '--', c='k')
plt.plot([0, e3[0]], [0, e3[1]], '--', c = 'k')
plt.show()
plt.xlabel('x')
plt.ylabel('y')
ax.set_zlabel('z')
ax.set_title('Energie='+str(np.round(Energy,4)))
#Finished in 20.32 minutes