
 
 
## *************adam-bulk-60*************** ##
 
 
import numpy as np
import matplotlib.pyplot as plt
fig = plt.figure()
ax = fig.add_subplot(111, projection='3d')
p = 0.2
SNR = 15
N = 60
f = 10
initial_pos = np.array([[470.50506591796875, -127.05723571777344, -142.40415954589844], [195.87521362304688, -630.3563842773438, -18.057958602905273], [-218.26190185546875, 526.3834838867188, -142.54383850097656], [768.9531860351562, 491.9075012207031, 181.55230712890625], [516.1344604492188, 185.05343627929688, 210.450927734375], [564.6784057617188, -362.2146911621094, 36.78610610961914], [-171.06640625, 118.2406005859375, -146.7945098876953], [341.26190185546875, 663.392578125, -94.23704528808594], [473.1813659667969, 350.5168762207031, 49.29774856567383], [570.8768310546875, 82.50969696044922, 100.09613037109375], [59.80970001220703, -128.816162109375, -175.60604858398438], [402.88330078125, -444.849853515625, 48.220184326171875], [398.1036682128906, -189.39964294433594, -22.734893798828125], [335.32647705078125, 162.878662109375, -102.03509521484375], [-5.95350456237793, 180.31333923339844, -177.0518341064453], [557.2166748046875, -236.22877502441406, 112.11022186279297], [503.7989196777344, 352.4582214355469, 145.57566833496094], [282.8769226074219, -119.17620086669922, -77.89833068847656], [667.0154418945312, 190.42938232421875, 145.5543670654297], [58.92496871948242, 324.8631896972656, -10.09026050567627], [-181.12591552734375, -617.0411376953125, -93.55735778808594], [-102.80164337158203, 546.2120971679688, -90.34349060058594], [-395.0459899902344, 136.53695678710938, 103.29937744140625], [343.0773010253906, -509.67730712890625, 88.39324951171875], [122.02355194091797, 196.12225341796875, 22.934120178222656], [260.50225830078125, 93.55769348144531, 123.18601989746094], [290.4079284667969, -30.89946937561035, -125.48628234863281], [358.9195556640625, 162.64398193359375, 178.0174102783203], [213.8430633544922, 20.446977615356445, -49.47831344604492], [369.316650390625, 255.40476989746094, 46.12162780761719], [588.4046020507812, -16.18024444580078, -45.37422180175781], [61.617183685302734, -180.25674438476562, -43.644344329833984], [-816.2003784179688, 537.1455078125, 50.068016052246094], [-236.0062713623047, -115.59996795654297, -233.0868377685547], [245.27012634277344, -144.7145233154297, -2.463067054748535], [163.12510681152344, -102.06383514404297, 185.4205780029297], [-8.438874244689941, 193.2429962158203, 216.277099609375], [651.2937622070312, -259.45806884765625, 70.4768295288086], [-16.54847526550293, -361.4941711425781, -0.21336467564105988], [-512.2828369140625, -314.4474182128906, 141.919677734375], [365.9058532714844, -16.798416137695312, 48.7424201965332], [584.1992797851562, -279.3092956542969, -79.89789581298828], [473.5195007324219, -327.36895751953125, -198.26950073242188], [459.499755859375, 386.0901184082031, 136.34976196289062], [-244.10443115234375, 107.96134948730469, -3.428896188735962], [521.8966674804688, -439.3236999511719, -40.49137496948242], [352.25274658203125, 487.6196594238281, -38.9910888671875], [42.48677444458008, 34.5101432800293, 195.65887451171875], [194.89968872070312, -339.52398681640625, -93.38134002685547], [168.93161010742188, -208.93832397460938, 27.826303482055664], [183.11526489257812, 306.9359436035156, -151.69639587402344], [-27.482759475708008, 476.4577941894531, -51.129276275634766], [324.6549987792969, -343.1434020996094, -156.10716247558594], [641.79638671875, 309.716552734375, 94.20972442626953], [265.17913818359375, -198.96591186523438, -180.81040954589844], [616.7005004882812, -153.46932983398438, -93.07144165039062], [80.02520751953125, -52.62561798095703, -179.47531127929688], [698.0545654296875, 214.5966033935547, -79.0373764038086], [201.76548767089844, 110.65788269042969, -183.6792755126953], [533.4862670898438, -415.6207275390625, 142.3551483154297]])
optimizer_options = {"learning rate": 1.0}
Energy = 0.04750611260533333
e2 = 64.12*np.array([0.5,np.sqrt(3)/2,0])
e1 = 64.12*np.array([1,0,0])
e3 = 536.35*np.array([0.5,np.sqrt(3)/2,0])
e4 = 536.35*np.array([1,0,0])
FinalState60 = np.array([[556.1864624023438, -161.0546417236328, -191.61814880371094], [354.0766906738281, -478.5370788574219, 33.05990982055664], [102.09357452392578, 189.74264526367188, -73.75753021240234], [567.993408203125, 370.26678466796875, 178.38037109375], [568.4359741210938, 189.91737365722656, 206.60958862304688], [585.3937377929688, -358.2160339355469, 176.08383178710938], [195.8911590576172, 46.922203063964844, -181.96202087402344], [454.56707763671875, 648.1419677734375, -222.79600524902344], [500.20428466796875, 300.4422302246094, -0.7907724380493164], [549.8546142578125, -33.913021087646484, 15.002023696899414], [158.77340698242188, -96.40888214111328, -187.07388305664062], [502.3282775878906, -486.32183837890625, 62.085296630859375], [488.3204040527344, -288.5967102050781, 3.1688849925994873], [596.2088012695312, 333.59442138671875, -182.1824951171875], [274.5945129394531, 192.11477661132812, -129.49542236328125], [582.2517700195312, -165.57791137695312, 179.4545135498047], [484.9964904785156, 483.53277587890625, 75.42906951904297], [326.8198547363281, -124.1648941040039, -116.69627380371094], [641.6870727539062, 115.5553970336914, 43.342864990234375], [234.7733917236328, 248.65658569335938, -7.73166036605835], [76.23263549804688, -257.3074645996094, 7.631370544433594], [99.02269744873047, 192.27671813964844, 62.71520233154297], [-136.1836395263672, 113.42449188232422, 0.5726500749588013], [411.4710998535156, -413.7907409667969, 196.77227783203125], [260.8956604003906, 207.7765655517578, 117.48762512207031], [301.0812683105469, 53.64912414550781, 4.708966255187988], [435.77410888671875, 103.72173309326172, -133.42213439941406], [452.0532531738281, 129.87222290039062, 166.0265350341797], [300.3465881347656, 55.259666442871094, 4.552994251251221], [353.395751953125, 464.17169189453125, 68.40967559814453], [590.1864013671875, 145.61770629882812, -158.57681274414062], [81.48779296875, 1.8906936645507812, 2.060408592224121], [-677.2740478515625, 307.131103515625, 9.519983291625977], [-4.246766090393066, -13.239084243774414, -191.21519470214844], [308.7198486328125, -107.60330963134766, 91.03047943115234], [181.71527099609375, 9.362438201904297, 186.8546600341797], [232.82302856445312, 78.73502349853516, 141.07162475585938], [666.9909057617188, -198.9153289794922, 85.0622787475586], [75.89149475097656, -159.97425842285156, -108.95682525634766], [-5.199323654174805, -13.671384811401367, 190.1459503173828], [254.6285400390625, -94.14287567138672, -5.3807172775268555], [604.795654296875, -327.6364440917969, -176.01087951660156], [455.5492858886719, -320.6415100097656, -237.25514221191406], [434.5099182128906, 352.3089294433594, 220.02322387695312], [79.94828796386719, 125.161376953125, 165.93508911132812], [508.26275634765625, -464.4742736816406, -113.37415313720703], [481.3071594238281, 482.6144104003906, -119.52037048339844], [167.19155883789062, -103.88433837890625, 173.1233673095703], [247.6207275390625, -256.0926513671875, 84.63451385498047], [73.88239288330078, -160.57901000976562, 117.24574279785156], [357.6195068359375, 435.76513671875, -128.7285614013672], [83.00366973876953, 121.56790161132812, -164.97695922851562], [379.0386047363281, -450.2368469238281, -136.10658264160156], [686.2625122070312, 260.1001892089844, 111.93069458007812], [232.1582489013672, -244.5908660888672, -72.20391845703125], [664.0921630859375, -178.7865447998047, -72.13136291503906], [227.13180541992188, 17.61290740966797, -130.28939819335938], [696.0943603515625, 229.31967163085938, -67.53860473632812], [464.3985595703125, 304.5086364746094, -239.8703155517578], [474.4704284667969, -256.3887939453125, 238.15219116210938]])
FinalState60 = FinalState60.reshape(N,3)
ax.scatter(FinalState60[:,0],FinalState60[:,1],FinalState60[:,2],c='g', marker='o')
ax.scatter(e1[0],e1[1],e1[2],c='r', marker='o')
ax.scatter(e2[0],e2[1],e2[2],c='r', marker='o')
ax.scatter(e3[0],e3[1],e3[2],c='r', marker='o')
ax.scatter(e4[0],e4[1],e4[2],c='r', marker='o')
plt.plot([0,e4[0]], [0,e4[1]], '--', c='k')
plt.plot([0, e3[0]], [0, e3[1]], '--', c = 'k')
plt.show()
plt.xlabel('x')
plt.ylabel('y')
ax.set_zlabel('z')
ax.set_title('Energie='+str(np.round(Energy,4)))
#Finished in 66.08 minutes