
 
 
## *************adam-bulk-70*************** ##
 
 
import numpy as np
import matplotlib.pyplot as plt
fig = plt.figure()
ax = fig.add_subplot(111, projection='3d')
p = 0.2
SNR = 15
N = 70
f = 10
initial_pos = np.array([[436.4799499511719, 211.41671752929688, 15.800031661987305], [307.1651916503906, -371.57891845703125, -85.55574798583984], [485.2850036621094, 22.090009689331055, 12.817155838012695], [-499.6765441894531, 410.0165100097656, -51.55660629272461], [41.4945182800293, 222.3926239013672, -80.02151489257812], [-36.33382797241211, 125.05319213867188, -129.37551879882812], [180.14329528808594, 75.85332489013672, 139.52938842773438], [439.71722412109375, 554.8395385742188, 38.78885269165039], [427.6625671386719, 50.448143005371094, 139.57518005371094], [584.6836547851562, -146.88461303710938, -156.17098999023438], [-656.1575317382812, 338.9615173339844, 167.30104064941406], [380.3988342285156, -144.4008026123047, -153.3091278076172], [405.7568664550781, -341.3134765625, 119.7843246459961], [345.5643615722656, 183.6156005859375, 122.95438385009766], [618.4712524414062, 133.05892944335938, 93.46489715576172], [232.91627502441406, -39.12095642089844, -32.432579040527344], [578.8179931640625, 236.92486572265625, -143.4748992919922], [-251.66456604003906, -565.7159423828125, 55.28639221191406], [505.5382385253906, 490.6896667480469, 5.523019790649414], [20.290451049804688, -167.72024536132812, 39.0479621887207], [-98.50399780273438, -292.6823425292969, 91.32491302490234], [671.8298950195312, -287.2315368652344, -128.06468200683594], [498.3045349121094, -450.7908630371094, 177.2013702392578], [534.4995727539062, -310.787109375, 11.230907440185547], [272.7331848144531, -177.91061401367188, -125.03414154052734], [-189.34913635253906, -51.76509094238281, 116.77157592773438], [233.46212768554688, 231.94032287597656, 5.058010578155518], [525.7198486328125, 320.9705810546875, 162.65370178222656], [-78.74259185791016, -417.6251525878906, -51.75809097290039], [415.40570068359375, -492.94696044921875, -25.495166778564453], [15.067012786865234, 181.4921875, 63.81199264526367], [617.6548461914062, 362.1480407714844, -61.97127914428711], [626.6868896484375, -223.3352813720703, 22.24526023864746], [-353.69451904296875, -512.8907470703125, -115.11548614501953], [-448.3670654296875, -774.4862670898438, 119.4531021118164], [-452.6485595703125, 354.4752197265625, 89.8193130493164], [642.2557983398438, -98.91482543945312, 17.034488677978516], [201.79112243652344, -438.988037109375, 90.83657836914062], [-382.64544677734375, 93.0697250366211, 79.11781311035156], [-532.2122192382812, 140.97752380371094, -134.68716430664062], [521.8345336914062, -369.91748046875, -179.21141052246094], [273.585693359375, 26.024599075317383, 166.37527465820312], [-35.16781234741211, -6.520753860473633, -185.80111694335938], [21.41446304321289, 145.93795776367188, -83.03658294677734], [322.2408447265625, 7.414005279541016, -125.6968765258789], [509.0537109375, 445.4466247558594, -198.6577606201172], [320.23785400390625, -409.45361328125, -175.2110595703125], [102.9322738647461, 134.2465362548828, -149.15150451660156], [-14.015195846557617, 207.8179931640625, 157.96963500976562], [28.05887222290039, -349.705810546875, -81.98322296142578], [323.9998474121094, -117.29447174072266, -69.00997161865234], [413.2989501953125, 557.0796508789062, -159.83319091796875], [-863.7369384765625, 524.306396484375, -29.04796028137207], [652.6376953125, -319.93658447265625, 149.07833862304688], [-110.26972961425781, -73.19148254394531, 67.47552490234375], [-491.2479248046875, -169.88816833496094, 113.57532501220703], [-38.9952507019043, 357.3306579589844, 60.13206100463867], [246.37925720214844, 169.0209503173828, -93.90135192871094], [-368.2973937988281, -482.6736755371094, -63.850059509277344], [619.7710571289062, 339.2724609375, 73.66728973388672], [649.71728515625, 211.26979064941406, 29.261009216308594], [-541.7619018554688, -270.6695861816406, -43.717201232910156], [-139.58380126953125, -168.09884643554688, -108.2131118774414], [-18.582590103149414, -672.0098876953125, 28.590288162231445], [581.1796264648438, 50.11500549316406, -88.92922973632812], [44.47853469848633, -199.6077880859375, -118.33523559570312], [502.5126037597656, -242.08883666992188, 169.5210723876953], [13.871705055236816, -366.4833984375, 22.014808654785156], [579.9158325195312, -224.0417022705078, 208.00852966308594], [219.90147399902344, -58.36357116699219, -104.35443115234375]])
optimizer_options = {"learning rate": 1.0}
Energy = 0.0425596721470356
e2 = 64.12*np.array([0.5,np.sqrt(3)/2,0])
e1 = 64.12*np.array([1,0,0])
e3 = 536.35*np.array([0.5,np.sqrt(3)/2,0])
e4 = 536.35*np.array([1,0,0])
FinalState70 = np.array([[480.466796875, 281.0723876953125, 0.5437034368515015], [347.5252685546875, -475.3946838378906, -0.15218041837215424], [222.24456787109375, 129.10836791992188, -121.05836486816406], [-154.37966918945312, 27.567276000976562, -44.83856201171875], [255.8423309326172, 316.53173828125, -112.37201690673828], [79.48603057861328, 169.93106079101562, -127.91407012939453], [154.35511779785156, 72.51614379882812, 199.2568817138672], [410.9481506347656, 491.16693115234375, 73.82657623291016], [645.6207275390625, 280.0103759765625, 154.27130126953125], [495.1128234863281, -289.95086669921875, -239.5878448486328], [2.2618820667266846, 46.19332504272461, 190.53713989257812], [572.0139770507812, -152.54335021972656, -177.09567260742188], [390.91790771484375, -424.39569091796875, 165.31900024414062], [528.572998046875, 267.9940490722656, 235.40687561035156], [692.017578125, 186.9010467529297, 25.78407096862793], [256.724365234375, 119.8492202758789, -67.88916015625], [553.6107177734375, 225.2397918701172, -223.938232421875], [347.0153503417969, 12.918643951416016, -6.336331844329834], [519.078369140625, 501.1416015625, -26.56184959411621], [255.7844696044922, 103.1995849609375, 104.22185516357422], [0.10481684654951096, -85.55316925048828, 167.8950653076172], [652.0211181640625, -286.0162658691406, -153.06105041503906], [526.508056640625, -440.1812744140625, 149.2410125732422], [495.1167297363281, -291.5890197753906, 2.423743486404419], [389.8887023925781, -155.00775146484375, -173.29248046875], [262.6213073730469, -112.8687744140625, 19.414819717407227], [294.173828125, 421.9792785644531, 24.19025421142578], [404.06268310546875, 383.50006103515625, 205.44677734375], [279.2198181152344, -86.72041320800781, 89.2050552368164], [484.8902282714844, -504.6859130859375, -5.714308261871338], [73.95902252197266, 182.21023559570312, 118.91603088378906], [556.8206176757812, 409.1293029785156, -176.1094207763672], [651.432861328125, -124.10333251953125, -54.12718200683594], [81.8855209350586, -81.54308319091797, -9.523451805114746], [145.30662536621094, -95.36136627197266, 195.80445861816406], [221.90818786621094, -17.129884719848633, 169.89657592773438], [597.6177368164062, 115.85941314697266, 134.15158081054688], [492.1927490234375, -282.1011047363281, 240.81446838378906], [-398.9533996582031, -28.246721267700195, 127.7032241821289], [-326.59912109375, -23.386194229125977, -87.10305786132812], [551.514892578125, -429.60009765625, -154.69061279296875], [424.9349365234375, 164.84120178222656, 182.46176147460938], [30.773319244384766, 41.3686408996582, -213.9161834716797], [250.90048217773438, 120.63566589355469, 43.614356994628906], [524.677978515625, 3.388918161392212, -28.5482177734375], [429.2668762207031, 344.42987060546875, -227.5908660888672], [400.89398193359375, -430.0464782714844, -164.62786865234375], [182.27146911621094, 16.05122947692871, -189.01156616210938], [239.60321044921875, 267.36895751953125, 105.26028442382812], [294.0606689453125, -288.5005187988281, -143.21084594726562], [467.5514221191406, -128.81483459472656, 159.78533935546875], [393.1552734375, 469.60205078125, -120.02243041992188], [-294.2409973144531, 141.4363555908203, -21.87746238708496], [711.3070068359375, -233.9446258544922, 23.651281356811523], [69.79844665527344, 63.31599426269531, 2.692251205444336], [97.93793487548828, -212.42466735839844, 104.5924301147461], [102.54887390136719, 299.6976013183594, -9.614452362060547], [422.00811767578125, 157.13673400878906, -181.46536254882812], [109.07625579833984, -219.17820739746094, -85.8619613647461], [548.8049926757812, 434.8620300292969, 159.88653564453125], [667.209716796875, 275.4532470703125, -132.00094604492188], [-0.5992987155914307, -105.58100128173828, -173.65554809570312], [154.3025360107422, -122.42292785644531, -181.31358337402344], [234.6324462890625, -318.31121826171875, 9.688754081726074], [629.0941772460938, 120.44258880615234, -96.88742065429688], [243.35800170898438, -39.02547836303711, -138.3162841796875], [622.8731079101562, -294.7745056152344, 170.6919708251953], [287.8566589355469, -247.44276428222656, 145.5714569091797], [615.4876708984375, -135.1826629638672, 134.32830810546875], [262.34979248046875, -104.64154815673828, -59.6873779296875]])
FinalState70 = FinalState70.reshape(N,3)
ax.scatter(FinalState70[:,0],FinalState70[:,1],FinalState70[:,2],c='g', marker='o')
ax.scatter(e1[0],e1[1],e1[2],c='r', marker='o')
ax.scatter(e2[0],e2[1],e2[2],c='r', marker='o')
ax.scatter(e3[0],e3[1],e3[2],c='r', marker='o')
ax.scatter(e4[0],e4[1],e4[2],c='r', marker='o')
plt.plot([0,e4[0]], [0,e4[1]], '--', c='k')
plt.plot([0, e3[0]], [0, e3[1]], '--', c = 'k')
plt.show()
plt.xlabel('x')
plt.ylabel('y')
ax.set_zlabel('z')
ax.set_title('Energie='+str(np.round(Energy,4)))
#Finished in 103.32 minutes